.Random.seed <-
c(403L, 21L, 1925177893L, 205698780L, -1539363662L, 1823383469L, 
-793492633L, 363708558L, 474963304L, 772013419L, 1605521161L, 
-1663622760L, -194795322L, 709229089L, -1842494797L, 1856147490L, 
-379287020L, 1530973847L, 460759181L, 77338020L, 732403594L, 
-1994091531L, 930994767L, -1080107690L, -6809600L, 442648899L, 
-593132319L, 1550671440L, 960512686L, -1923168679L, 338660971L, 
1609999322L, 1283781788L, 944643743L, -1051478795L, -232983156L, 
2125017186L, -1587601347L, 1109662391L, -190742178L, 2146183320L, 
-1811844101L, 1888469401L, 496468520L, -1875578154L, 801404753L, 
1508620803L, -785568366L, -1983431900L, 365256167L, -802407875L, 
706925748L, 229593882L, 771913829L, 414396671L, -1483652730L, 
-2126399728L, 679220147L, 760598609L, -1791171584L, -15768354L, 
503207721L, 1292921563L, 1006404074L, -612259444L, 1937706703L, 
-1663585659L, -897431236L, 530330642L, 256023309L, 564316231L, 
473541166L, -1016392824L, 1997586059L, 653914217L, -184132552L, 
-1932645146L, -295447423L, -1092189165L, 1667978178L, 587140212L, 
2038825591L, 2146556781L, 130276356L, 1539102506L, 102179989L, 
-1371450577L, 2066088502L, 2088146528L, 371115171L, -1092726847L, 
1209027504L, 1586605774L, -753103815L, 2056819275L, 1619609594L, 
79250172L, 864896831L, 126969877L, 639621932L, 1313091586L, 1802279645L, 
-756006441L, -1877537602L, 80054008L, 2078422235L, 2077370169L, 
-1932045688L, -458738122L, -56760719L, -1866558301L, -1709793806L, 
1835658564L, -1517662713L, 523742173L, -1331870508L, -40657926L, 
1636395845L, -497209441L, -733272794L, -946639440L, 172271187L, 
-2147065487L, -191510368L, 497498174L, -78426295L, 448919035L, 
-228984374L, -1182271700L, 1469613871L, 349898213L, -1435596644L, 
1592147186L, 2146727277L, 46133927L, -1382392626L, 1535210024L, 
-1713675733L, -1411807159L, -1627522728L, -132038650L, -525151775L, 
-1549132941L, 2030415842L, -1564481708L, 1091070551L, 1222748749L, 
488902116L, 305653706L, 527247925L, -1484705649L, -857034346L, 
1743629632L, -1168416765L, 1430676001L, 1553130768L, -1625904402L, 
1453364889L, 1942001451L, -48016870L, -1021038372L, 1249848543L, 
244079285L, -377729972L, -1795239774L, -1207169027L, 1173679351L, 
1200953886L, 1346401496L, 116009019L, 2079920601L, -904886424L, 
-106165610L, 889418769L, -735828541L, -1496782382L, -776052636L, 
1297227687L, 905703677L, 795501812L, -2133638182L, -425314523L, 
-56918465L, 240231878L, 907035216L, -1093738893L, -1379069295L, 
-980596032L, -250139490L, -1349910423L, 1276673179L, 1891022250L, 
869430732L, 1327020175L, 1692530885L, -340281220L, -1437698862L, 
-1046918067L, -486474489L, -1168875282L, -1533906488L, -1860643125L, 
1639835433L, -1575800968L, 650302630L, -1801521471L, -1057812653L, 
-1969230846L, -869000908L, -584420681L, -1732112723L, 1341726660L, 
2042243050L, -2009470891L, 1803711983L, 197443062L, -1376867552L, 
-972266269L, -1718427263L, -1088505872L, 2132252302L, 1544698361L, 
-1555188853L, -1889329222L, -1635447108L, -1518139905L, -128916651L, 
-1684761492L, -174239550L, 681207354L, -1902814768L, -307243668L, 
-1979681868L, -687825902L, -167669280L, 1803510732L, -729861920L, 
1414031394L, 2007375144L, -679135732L, -1479924932L, -1464019982L, 
-488227088L, -1595094460L, -1880625576L, 880874298L, -324627984L, 
1305296572L, 1192959252L, 349789890L, 210772064L, -1183668356L, 
-1235592240L, -287711966L, -763353432L, 789744524L, 167099580L, 
1132980018L, -294587840L, 295999668L, -975566264L, -392168006L, 
176878096L, 201563884L, 1414491476L, 1354757394L, 1812363680L, 
936107724L, 1222592096L, 643724226L, -624278744L, -1021248596L, 
-473166020L, 2104491378L, 1960537904L, -1255066332L, -1854743752L, 
-1376715046L, -140901488L, 1395251964L, -408300652L, 782209090L, 
943366400L, -311110596L, -1904147120L, 2050384034L, 938499400L, 
-1526678772L, -2012020004L, 1760969042L, -671358848L, -2037969836L, 
-1864270872L, -1005251334L, 1331183440L, 1343196972L, -481870476L, 
1575673746L, -1007354784L, -1666476660L, -672822432L, 839001570L, 
17032104L, -2142904116L, 101841916L, -2046225998L, -1569251856L, 
978370500L, -2079563432L, 1250342266L, -1852162128L, 595269052L, 
-1066277804L, -1719760958L, -218875872L, 513820860L, -517220784L, 
-199364638L, -51054488L, 1539104844L, 181552380L, 1371183090L, 
-205517568L, 1310193012L, -834197496L, 1925575610L, -482286128L, 
1010577388L, -1847947884L, -1489692206L, 630915424L, 1679846220L, 
-1878001376L, 1570158466L, 1696827112L, -1957572372L, 1730525244L, 
-2099220622L, 129265264L, 1212734500L, 552900408L, 656671898L, 
1063584464L, -271988548L, -480975212L, -122220926L, 520382656L, 
-1893179588L, -1589084016L, -1620163038L, 975490056L, 2146446604L, 
593132700L, 2116420114L, 1712329600L, -268216812L, -234043864L, 
1729441082L, 779040208L, 1566957676L, -1181387468L, 882918034L, 
387262304L, 2131058508L, 559529952L, -1146197086L, 1837775784L, 
-1960109684L, 1189467324L, -1292607118L, -1898471184L, -1039572924L, 
-434819752L, 68952634L, -1958219920L, 1281219644L, -92923116L, 
-1128876606L, 2003150560L, 1445196668L, 404050640L, 1532699810L, 
-720156632L, -1926260468L, -1124392004L, 621057330L, 1426198976L, 
-238005708L, -1965594680L, 1626805434L, 968341904L, -1810095636L, 
206474836L, 2140654738L, -185156832L, 700920268L, -1425355296L, 
1150869186L, 350879784L, -1731907924L, -1874251588L, -933349902L, 
788671792L, -295316316L, -343420232L, 1417349466L, -1392594544L, 
-420462724L, 734771476L, -995131582L, -1335058688L, 300688316L, 
272173904L, -1738281182L, 1093911880L, -1167555060L, 771076188L, 
106584274L, -1633040896L, 1706789204L, -2024081944L, 1095365626L, 
1239235792L, -1802557140L, 1745737460L, -1499769454L, 1855340640L, 
-1068940020L, 300634848L, 628340066L, 514534056L, 973115980L, 
1635839356L, -1597066958L, 1642740848L, -1597463740L, 308951512L, 
-802681734L, -1634623952L, 822620860L, 104278868L, 1550442562L, 
-2128500320L, -958425412L, 187667920L, -2089046686L, 344661992L, 
1707208652L, -567018756L, -308023822L, 944596096L, -405511948L, 
1268597384L, -940539078L, 979238736L, -1831439764L, -620147277L, 
-1371533035L, 1558520690L, -345272384L, 1974935593L, -293012325L, 
-60737172L, -927010438L, -1831468369L, 949197241L, 1688863694L, 
-279987428L, 39850637L, -563963145L, 796315136L, -190453666L, 
-105217237L, -892547027L, -1097959270L, 1984162904L, -1273496639L, 
1678251123L, 283360660L, -726416350L, 1173828407L, -1462462975L, 
-2056702202L, 518196036L, -972046731L, -1497317409L, -1106111688L, 
-9030378L, 1259587875L, 1368847077L, -144368894L, 879423856L, 
-895968999L, 878270731L, -1757169156L, 667734570L, -1171701153L, 
-1155063319L, 1106553598L, -886160660L, -1399025091L, 793227783L, 
490108400L, -645032562L, 1323240379L, -500824675L, -1278350518L, 
-1040797848L, -413351599L, 1472008771L, 326866756L, -756802574L, 
-1659432505L, 535906193L, 235966230L, -1456022668L, -1594220027L, 
-455593393L, 129822280L, -1611542554L, 9388307L, 103018101L, 
-1142070190L, -1531760992L, -1817457783L, -873490501L, 199841804L, 
-1601817190L, -1048169201L, 1475525465L, 552871406L, 1550786684L, 
1530586349L, -922111081L, -756290464L, -1759932866L, -2037324021L, 
-1938367091L, -635902278L, -331283208L, 1062113953L, -730336685L, 
-1796534924L, -1260444926L, 1476051863L, -2054462111L, -511220314L, 
876124068L, -1431530923L, -1534663937L, -1159567464L, -1629247306L, 
-993002173L, -465544059L, -1150933726L, -468062704L, 1664470457L, 
873549419L, -572063396L, -11421558L, -1109118849L, 1475273161L, 
1367351902L, 954398988L, 166100189L, 1354922471L, -249896432L, 
1883602734L, -243711013L, 577623229L, 2141537834L, -101844280L, 
146268145L, 895226211L, 914964836L, -720526190L, 72685927L, 746126129L, 
-1423474570L, 780917140L, -60539483L, 360036015L, 536629096L, 
-207658170L, -1777495309L, 450464853L, -1288830926L, -974455296L, 
-1698631959L, 1398992219L, -715055188L, 1207346106L, 1503829359L, 
1837610745L, 1518071694L, 2009246300L, 1997351117L, -1105676233L, 
702423744L, -1461054050L, -333703573L, -61075987L, -1155130278L, 
